485 0.8801225493630592
490 0.9559301732494146
495 0.8773570076355585
500 0.8796207954501379
505 0.9545468077070931
510 0.9255949037871588
515 0.9096502289715264
520 0.9303179764470959
525 0.9314819743896988
530 0.9773860146611653
535 0.9861314040716822
540 0.9830509014487395
545 1.0213958805165988
550 0.9923976685241312
555 1.0127056045888174
560 1.0314842146669665
565 1.0155670219169133
570 1.0144400282779202
575 1.031377988674185
580 1.017085668902998
585 1.0386704969610019
590 1.0502100116372153
595 1.0514490437949255
600 1.0523312670325717
605 1.0705798341195023
610 1.0730979813930477
615 1.0729142512799186
620 1.0696118910893393
625 1.0707645498178169
630 1.100121370672866
635 1.0710165337000876
640 1.0932519515031938
645 1.0820982806497053
650 1.0986186630859223
655 1.1067790058540476
660 1.0860708105938612
665 1.0956310264324496
670 1.0996704837468094
675 1.1044554440452146
680 1.105848369568251
685 1.1103931759022312
690 1.1010694853149867
695 1.126811172521704
700 1.1078142491795986
705 1.0944707457913223
710 1.1121490941234398
715 1.1053295550274622
720 1.1072278751478348
725 1.1163825852197269
730 1.0994609568543319
735 1.1247854984457093
740 1.127761068266702
745 1.122245065743416
750 1.1195120319224314
755 1.1211224937989699
760 1.1121270610388467
765 1.109404481985174
770 1.1354982886976102
775 1.134111261170125
780 1.1199562363429336
785 1.137948474302049
790 1.1162553204485948
795 1.110966744258027
800 1.1481440013373274
805 1.126380451373402
810 1.1276569236232517
815 1.140913663568102
820 1.1238658580121885
825 1.1185683992579227
830 1.11772570421452
835 1.105555916927474
840 1.1190097229104985
845 1.1499048339399771
850 1.1311777338770805
855 1.1095904348409558
860 1.1205555834514975
865 1.1080801115420493
870 1.123192225835337
875 1.0851610026788718
880 1.1169789685024438
885 1.130231508161815
890 1.124358376649564
895 1.119256748690379
900 1.0690528115080231
905 1.1175436176779565
910 1.096838787475247
915 1.084850532901556
