175 0.08467024477168178
180 0.08926700001947252
185 0.08964366197605594
190 0.09019141168416811
195 0.09159092539698505
200 0.0921624928266655
205 0.09418049170459086
210 0.09716139532586637
215 0.09857360416247485
220 0.0996971204725356
225 0.09978513152589413
230 0.1003051814993498
235 0.10070113722050822
240 0.10258665799345029
245 0.10312395997082435
250 0.10314524672181802
255 0.105486229924324
260 0.10890244888557316
265 0.1093362193254388
270 0.11044825782842815
275 0.11288630019963636
280 0.1178455987858757
285 0.11932780978579743
290 0.11998925334591581
295 0.12163848720241205
300 0.12762566981207485
305 0.13429829696691792
310 0.13862883572552726
315 0.1418074777577369
320 0.14487898417280176
325 0.1515840190156279
330 0.1530369871608483
335 0.15734840846731257
340 0.16253038664587188
345 0.16569928592317146
350 0.17081865966482956
355 0.1775711193290101
360 0.18432473904017121
365 0.1876363647403796
370 0.19148805997632912
375 0.19607551528994277
380 0.20488264877307388
385 0.20918151422785397
390 0.2149336984864761
395 0.221309250961999
400 0.22627504814993754
405 0.2335819477252435
410 0.24721313280523022
415 0.25727402453509296
420 0.26232000842780845
425 0.26593009632960374
430 0.2721987265325253
435 0.276689925508367
440 0.2805170563779797
445 0.28358146375443183
450 0.2880136747508445
455 0.29076214509477855
460 0.29604220139303483
465 0.29982832489492695
470 0.3034128574017074
475 0.30866853212453893
480 0.31354193331906577
485 0.3191067313604815
490 0.32139726868419316
495 0.3233841557172356
450 0.3271832003984936
505 0.3302835099690524
510 0.33176678388985814
515 0.33354903399751723
520 0.3373545186006478
525 0.34006065180392797
530 0.34462573677222985
535 0.3452716034212232
540 0.3489087485160004
545 0.35044460162234053
550 0.35188642186810315
555 0.3525841255874418
560 0.35609014523005555
565 0.3573394543351659
