175 0.11052737681761282
180 0.11323925677455904
185 0.11417607568798033
190 0.11372813699790629
195 0.11396385231169553
200 0.11437118729062978
205 0.1165292984236459
210 0.11934459165876848
215 0.12056255283820694
220 0.12196512221757733
225 0.12254098751317727
230 0.12292694365972318
235 0.12362803163190567
240 0.12548324061456573
245 0.12651498468653566
250 0.1262067392759012
255 0.12833901600660574
260 0.13280923251787763
265 0.13288635937281945
270 0.13474737211477078
275 0.13762981074397795
280 0.14342722097169996
285 0.1448891150757135
290 0.14584211352520265
295 0.14893602976163295
300 0.15627369715857697
305 0.1646160414765631
310 0.17070007886290844
315 0.17487274989233864
320 0.1793807331633146
325 0.18597779352091476
330 0.1896850450156649
335 0.19877787781970424
340 0.20709947349275787
345 0.20740058317487453
350 0.21479008222196838
355 0.22517016950152896
360 0.23492738037987443
365 0.23972492336479534
370 0.24573299982517588
375 0.25275638857205923
380 0.26618208623726447
385 0.272647290065536
390 0.280094679735581
395 0.2887013743224969
400 0.29627362602977914
405 0.3076272116038909
410 0.32653557217926354
415 0.34152038384367456
420 0.34875697444513254
425 0.3545168358069666
430 0.3632794108957137
435 0.3702932600442381
440 0.3760048433055455
445 0.38123404054016136
450 0.3876549564318036
455 0.3915786157600796
460 0.399744035819147
465 0.40636113086807024
470 0.4119444506996233
475 0.41970673602974023
480 0.42718938993818184
485 0.435399839233998
490 0.439220003919894
495 0.443167114234312
500 0.44971592464329474
505 0.4542964453448848
510 0.4578161496619193
515 0.46126748103423837
520 0.46658646812747334
525 0.47184653829890477
530 0.47901794507633805
535 0.4804687007072526
540 0.48615845738105506
545 0.48864424302283305
550 0.49132165219023377
555 0.49375756499820916
560 0.4973344740697451
565 0.49928484391270617
