175 0.03419320393889447
180 0.03220702222649591
185 0.03434084523098768
190 0.033539266595479955
195 0.03491171029392226
200 0.03591875012639967
205 0.03744394081249652
210 0.03778783611697817
215 0.03828264883057131
220 0.03821387235775481
225 0.038021635828713374
230 0.0377541149078896
235 0.03788086958481046
240 0.03838398023128359
245 0.03867788490324969
250 0.03860673081916105
255 0.03938689646438431
260 0.04095295508521962
265 0.040879500831302595
270 0.04138466885655956
275 0.04181080933018044
280 0.04269921674372029
285 0.04264104959794668
290 0.04199666967321275
295 0.04228544853932387
300 0.04277804571946636
305 0.044931192153292276
310 0.047044510133516904
315 0.04636761743513884
320 0.04719039752191606
325 0.04860190612763177
330 0.04900246311983447
335 0.0490800867185604
340 0.05060271126962812
345 0.051467109028253466
350 0.05194153681373531
355 0.05369894303286177
360 0.056302494939700964
365 0.054490528266516014
370 0.05541720708246428
375 0.054890407723257595
380 0.05712444408863404
385 0.056989254524759614
390 0.05756989168883486
395 0.05809287572433275
400 0.05820958818902128
405 0.05947231400533043
410 0.06202894324221142
415 0.06385919303445231
420 0.06409949571214485
425 0.06437099246740091
430 0.06531771639246736
435 0.06560197035340287
440 0.06607777298018641
445 0.06665895611376826
450 0.06714907049294755
455 0.06737054478803844
460 0.06817681429116917
465 0.0688433131971819
470 0.06925848405667795
475 0.07017974684708067
480 0.07081085662371223
485 0.07204568399819827
490 0.07200312437713391
495 0.07215297441455865
500 0.07295600754639908
505 0.07315629080751401
510 0.07343268396040764
515 0.07369168088272382
520 0.07401852833714462
525 0.0744355005644795
530 0.0752578250336971
535 0.07495218828663291
540 0.07581547523181903
545 0.07594572008318246
550 0.07631635416711274
555 0.07652061909474911
560 0.07656754022611956
