175 0.048828511051826506
180 0.04274872237479582
185 0.0436809103611826
190 0.0464964679878509
195 0.047267711863433204
200 0.04654173962728225
205 0.048821841298529234
210 0.050283200963592345
215 0.05093654411381465
220 0.051371609872764123
225 0.05129050083961545
230 0.051318773115698935
235 0.05199098015901754
240 0.05227853981904157
245 0.0526705295783097
250 0.05283731597475971
255 0.053737786280587674
260 0.055205814049584356
265 0.05479684597408857
270 0.05521438608848417
275 0.05606928717061627
280 0.05846935864741265
285 0.05851508705777475
290 0.05838279507287303
295 0.05906887816222173
300 0.06222252850277954
305 0.0639695359973057
310 0.06601992838927945
315 0.06642323718843629
320 0.06834269609194743
325 0.07016195516086998
330 0.07138863941569884
335 0.07300810008195457
340 0.07496086103068506
345 0.07662253546163589
350 0.07886479324099788
355 0.08179262177774599
360 0.08466181969527403
365 0.08528700038554526
370 0.08697839214507641
375 0.08880982979245206
380 0.09206553754486946
385 0.09407325579451536
390 0.09428306435532269
395 0.09716252157698757
400 0.09671481275069654
405 0.10021347173424
410 0.10519002411071782
415 0.10902512042740103
420 0.11053373322143056
425 0.11130635707094033
430 0.11388787634608721
435 0.11459534635856267
440 0.11574795309175623
445 0.11663082416539777
450 0.11741030339678277
455 0.11816803620117339
460 0.12008910682249113
465 0.12211570198535104
470 0.12309587707955144
475 0.1248279222959931
480 0.1257465974159377
485 0.12816462719060545
490 0.12843273166472652
495 0.12830573729404204
500 0.12989698122554977
505 0.1306258948180517
510 0.13075071321587295
515 0.13154729526653103
520 0.13267205540239602
525 0.13340476034715765
530 0.13443969625875923
535 0.13439323588396535
540 0.13612838831929858
545 0.13666500440689838
550 0.1374668268511013
555 0.13783881256905278
560 0.14295031673449304
565 0.14239378478743647
